# 3ds Max Wavefront OBJ Exporter v0.97b - (c)2007 guruware
# File Created: 06.09.2015 19:28:14

mtllib 3d-model.mtl

#
# object Group_029
#

v  -34.2336 288.6891 -1955.9054
v  -104.6924 288.6891 1960.6561
v  298.1773 288.6891 1967.9037
v  368.7664 288.6891 -1955.9054
v  -298.1773 288.6891 -1967.9037
v  -298.3077 288.6891 -1960.6561
v  298.1773 0.0000 1967.9037
v  368.7664 0.0000 -1955.9054
v  -368.7664 0.0000 1955.9054
v  -368.7664 288.6891 1955.9054
v  -298.1773 0.0000 -1967.9037
# 11 vertices

vn 0.0000 1.0000 -0.0000
vn 0.9998 0.0000 0.0180
vn -0.9998 0.0000 -0.0180
vn 0.0000 -1.0000 -0.0000
vn 0.0180 -0.0000 -0.9998
vn -0.0180 -0.0000 0.9998
# 6 vertex normals

vt 0.1163 0.8829 0.0000
vt 0.1085 0.0086 0.0000
vt 0.1534 0.0070 0.0000
vt 0.1613 0.8829 0.0000
vt 0.0869 0.8856 0.0000
vt 0.0869 0.8840 0.0000
vt 0.6837 0.9981 0.0000
vt 0.2456 0.9981 0.0000
vt 0.2456 0.9336 0.0000
vt 0.6837 0.9336 0.0000
vt 0.7637 0.8614 0.0000
vt 0.7637 0.9258 0.0000
vt 0.3265 0.9258 0.0000
vt 0.3257 0.8614 0.0000
vt 0.0760 0.1183 0.0000
vt 0.0016 0.1210 0.0000
vt 0.0094 0.9969 0.0000
vt 0.0839 0.9943 0.0000
vt 0.0790 0.0096 0.0000
vt 0.0066 0.4376 0.0000
vt 0.1555 0.4376 0.0000
vt 0.1555 0.9531 0.0000
vt 0.0066 0.9531 0.0000
vt 0.1633 0.4610 0.0000
vt 0.3122 0.4610 0.0000
vt 0.3122 0.9766 0.0000
vt 0.1633 0.9766 0.0000
vt 0.2223 0.9766 0.0000
# 28 texture coords

g Group_029
usemtl wire_224086086
s off
f 1/1/1 2/2/1 3/3/1 4/4/1 
f 1/1/1 4/4/1 5/5/1 6/6/1 
f 4/7/2 3/8/2 7/9/2 8/10/2 
f 9/11/3 10/12/3 6/13/3 11/14/3 
f 11/14/3 6/13/3 5/13/3 
f 7/15/4 9/16/4 11/17/4 8/18/4 
f 6/6/1 10/19/1 2/2/1 1/1/1 
f 8/20/5 11/21/5 5/22/5 4/23/5 
f 9/24/6 7/25/6 3/26/6 10/27/6 
f 10/27/6 3/26/6 2/28/6 
# 8 polygons - 2 triangles

#
# object Group_028
#

v  104.6923 288.6891 -1960.6561
v  -298.1773 288.6891 -1967.9037
v  35.2945 360.6612 -1961.9044
v  368.7664 288.6891 -1955.9054
v  -35.2946 360.6612 1961.9045
v  -368.7664 288.6891 1955.9054
v  298.1773 288.6891 1967.9037
v  298.3076 288.6891 1960.6561
# 8 vertices

vn 0.0180 -0.0000 -0.9998
vn -0.0180 -0.0000 0.9998
vn -0.2109 0.9775 -0.0038
vn 0.2109 0.9775 0.0038
# 4 vertex normals

vt 0.3799 0.8475 0.0000
vt 0.4701 0.8475 0.0000
vt 0.3954 0.9760 0.0000
vt 0.3208 0.8475 0.0000
vt 0.5546 0.9760 0.0000
vt 0.4799 0.8475 0.0000
vt 0.6293 0.8475 0.0000
vt 0.2453 0.9038 0.0000
vt 0.2375 0.0286 0.0000
vt 0.2748 0.0273 0.0000
vt 0.2827 0.9024 0.0000
vt 0.3121 0.0259 0.0000
vt 0.3200 0.9011 0.0000
vt 0.3122 0.0275 0.0000
# 14 texture coords

g Group_028
usemtl wire_006134006
s off
f 12/29/7 13/30/7 14/31/7 15/32/7 
f 16/33/8 17/34/8 18/35/8 
f 13/36/9 17/37/9 16/38/9 14/39/9 
f 14/39/10 16/38/10 18/40/10 15/41/10 
f 15/41/10 18/40/10 19/42/10 
# 3 polygons - 2 triangles

#
# object Group_027
#

v  -237.5064 300.1496 -1465.3131
v  -138.7949 321.4542 -1467.0889
v  -139.3884 321.4541 -1500.0835
v  -238.0999 300.1496 -1498.3077
v  -140.2712 328.2967 -1467.0624
v  -140.8647 328.2966 -1500.0570
v  -238.9827 306.9921 -1465.2865
v  -239.5763 306.9921 -1498.2811
# 8 vertices

vn 0.2109 -0.9775 -0.0038
vn 0.9773 0.2109 -0.0176
vn 0.0180 0.0000 0.9998
vn -0.0180 -0.0000 -0.9998
vn -0.2109 0.9775 0.0038
vn -0.9773 -0.2109 0.0176
# 6 vertex normals

vt 0.2931 0.8833 0.0000
vt 0.2906 0.8614 0.0000
vt 0.2942 0.8597 0.0000
vt 0.2967 0.8817 0.0000
vt 0.2914 0.0564 0.0000
vt 0.2922 0.0638 0.0000
vt 0.2922 0.0549 0.0000
vt 0.3032 0.0545 0.0000
vt 0.3032 0.0560 0.0000
vt 0.3033 0.0634 0.0000
vt 0.3033 0.0649 0.0000
vt 0.2923 0.0653 0.0000
# 12 texture coords

g Group_027
usemtl wire_006134006
s off
f 23/46/11 22/45/11 21/44/11 20/43/11 
f 22/48/12 25/48/12 24/47/12 21/47/12 
f 24/47/13 26/51/13 20/50/13 21/49/13 
f 25/48/14 22/54/14 23/53/14 27/52/14 
f 27/52/15 26/51/15 24/47/15 25/48/15 
f 23/52/16 20/51/16 26/51/16 27/52/16 
# 6 polygons

#
# object Group_026
#

v  -237.5064 313.5737 -1150.3131
v  -138.7949 334.8783 -1152.0889
v  -139.3884 334.8782 -1185.0835
v  -238.0999 313.5737 -1183.3077
v  -140.2712 341.7208 -1152.0624
v  -140.8647 341.7207 -1185.0570
v  -238.9827 320.4162 -1150.2865
v  -239.5763 320.4162 -1183.2811
# 8 vertices

vn 0.2109 -0.9775 -0.0038
vn 0.9773 0.2109 -0.0176
vn 0.0180 0.0000 0.9998
vn -0.0180 -0.0000 -0.9998
vn -0.2109 0.9775 0.0038
vn -0.9773 -0.2109 0.0176
# 6 vertex normals

vt 0.2931 0.8833 0.0000
vt 0.2906 0.8614 0.0000
vt 0.2942 0.8597 0.0000
vt 0.2967 0.8817 0.0000
vt 0.2914 0.0564 0.0000
vt 0.2922 0.0638 0.0000
vt 0.2922 0.0549 0.0000
vt 0.3032 0.0545 0.0000
vt 0.3032 0.0560 0.0000
vt 0.3033 0.0634 0.0000
vt 0.3033 0.0649 0.0000
vt 0.2923 0.0653 0.0000
# 12 texture coords

g Group_026
usemtl wire_028089177
s off
f 31/58/17 30/57/17 29/56/17 28/55/17 
f 30/60/18 33/60/18 32/59/18 29/59/18 
f 32/59/19 34/63/19 28/62/19 29/61/19 
f 33/60/20 30/66/20 31/65/20 35/64/20 
f 35/64/21 34/63/21 32/59/21 33/60/21 
f 31/64/22 28/63/22 34/63/22 35/64/22 
# 6 polygons

#
# object Group_025
#

v  -237.5064 298.9075 -1790.3131
v  -138.7949 320.2121 -1792.0889
v  -139.3884 320.2121 -1825.0835
v  -238.0999 298.9075 -1823.3077
v  -140.2712 327.0546 -1792.0624
v  -140.8647 327.0546 -1825.0570
v  -238.9827 305.7500 -1790.2865
v  -239.5763 305.7500 -1823.2811
# 8 vertices

vn 0.2109 -0.9775 -0.0038
vn 0.9773 0.2109 -0.0176
vn 0.0180 0.0000 0.9998
vn -0.0180 -0.0000 -0.9998
vn -0.2109 0.9775 0.0038
vn -0.9773 -0.2109 0.0176
# 6 vertex normals

vt 0.2931 0.8833 0.0000
vt 0.2906 0.8614 0.0000
vt 0.2942 0.8597 0.0000
vt 0.2967 0.8817 0.0000
vt 0.2914 0.0564 0.0000
vt 0.2922 0.0638 0.0000
vt 0.2922 0.0549 0.0000
vt 0.3032 0.0545 0.0000
vt 0.3032 0.0560 0.0000
vt 0.3033 0.0634 0.0000
vt 0.3033 0.0649 0.0000
vt 0.2923 0.0653 0.0000
# 12 texture coords

g Group_025
usemtl wire_229166215
s off
f 39/70/23 38/69/23 37/68/23 36/67/23 
f 38/72/24 41/72/24 40/71/24 37/71/24 
f 40/71/25 42/75/25 36/74/25 37/73/25 
f 41/72/26 38/78/26 39/77/26 43/76/26 
f 43/76/27 42/75/27 40/71/27 41/72/27 
f 39/76/28 36/75/28 42/75/28 43/76/28 
# 6 polygons

#
# object Group_024
#

v  -234.0315 309.6269 633.6756
v  -135.3200 330.9315 631.8998
v  -135.9136 330.9315 598.9051
v  -234.6251 309.6269 600.6809
v  -136.7963 337.7740 631.9263
v  -137.3899 337.7740 598.9316
v  -235.5078 316.4694 633.7021
v  -236.1014 316.4694 600.7075
# 8 vertices

vn 0.2109 -0.9775 -0.0038
vn 0.9773 0.2109 -0.0176
vn 0.0180 0.0000 0.9998
vn -0.0180 -0.0000 -0.9998
vn -0.2109 0.9775 0.0038
vn -0.9773 -0.2109 0.0176
# 6 vertex normals

vt 0.2931 0.8833 0.0000
vt 0.2906 0.8614 0.0000
vt 0.2942 0.8597 0.0000
vt 0.2967 0.8817 0.0000
vt 0.2914 0.0564 0.0000
vt 0.2922 0.0638 0.0000
vt 0.2922 0.0549 0.0000
vt 0.3032 0.0545 0.0000
vt 0.3032 0.0560 0.0000
vt 0.3033 0.0634 0.0000
vt 0.3033 0.0649 0.0000
vt 0.2923 0.0653 0.0000
# 12 texture coords

g Group_024
usemtl wire_134006006
s off
f 47/82/29 46/81/29 45/80/29 44/79/29 
f 46/84/30 49/84/30 48/83/30 45/83/30 
f 48/83/31 50/87/31 44/86/31 45/85/31 
f 49/84/32 46/90/32 47/89/32 51/88/32 
f 51/88/33 50/87/33 48/83/33 49/84/33 
f 47/88/34 44/87/34 50/87/34 51/88/34 
# 6 polygons

#
# object Group_023
#

v  -237.5064 302.4824 -893.3130
v  -138.7949 323.7869 -895.0889
v  -139.3884 323.7869 -928.0836
v  -238.0999 302.4823 -926.3077
v  -140.2712 330.6294 -895.0623
v  -140.8647 330.6294 -928.0570
v  -238.9827 309.3249 -893.2865
v  -239.5763 309.3248 -926.2812
# 8 vertices

vn 0.2109 -0.9775 -0.0038
vn 0.9773 0.2109 -0.0176
vn 0.0180 0.0000 0.9998
vn -0.0180 -0.0000 -0.9998
vn -0.2109 0.9775 0.0038
vn -0.9773 -0.2109 0.0176
# 6 vertex normals

vt 0.2931 0.8833 0.0000
vt 0.2906 0.8614 0.0000
vt 0.2942 0.8597 0.0000
vt 0.2967 0.8817 0.0000
vt 0.2914 0.0564 0.0000
vt 0.2922 0.0638 0.0000
vt 0.2922 0.0549 0.0000
vt 0.3032 0.0545 0.0000
vt 0.3032 0.0560 0.0000
vt 0.3033 0.0634 0.0000
vt 0.3033 0.0649 0.0000
vt 0.2923 0.0653 0.0000
# 12 texture coords

g Group_023
usemtl wire_028089177
s off
f 55/94/35 54/93/35 53/92/35 52/91/35 
f 54/96/36 57/96/36 56/95/36 53/95/36 
f 56/95/37 58/99/37 52/98/37 53/97/37 
f 57/96/38 54/102/38 55/101/38 59/100/38 
f 59/100/39 58/99/39 56/95/39 57/96/39 
f 55/100/40 52/99/40 58/99/40 59/100/40 
# 6 polygons

#
# object Group_022
#

v  -247.7530 307.1827 31.3983
v  -149.0414 328.4872 29.6224
v  -149.6350 328.4872 -3.3722
v  -248.3465 307.1826 -1.5964
v  -150.5178 335.3297 29.6490
v  -151.1113 335.3297 -3.3457
v  -249.2293 314.0252 31.4248
v  -249.8228 314.0251 -1.5699
# 8 vertices

vn 0.2109 -0.9775 -0.0038
vn 0.9773 0.2109 -0.0176
vn 0.0180 0.0000 0.9998
vn -0.0180 -0.0000 -0.9998
vn -0.2109 0.9775 0.0038
vn -0.9773 -0.2109 0.0176
# 6 vertex normals

vt 0.2931 0.8833 0.0000
vt 0.2906 0.8614 0.0000
vt 0.2942 0.8597 0.0000
vt 0.2967 0.8817 0.0000
vt 0.2914 0.0564 0.0000
vt 0.2922 0.0638 0.0000
vt 0.2922 0.0549 0.0000
vt 0.3032 0.0545 0.0000
vt 0.3032 0.0560 0.0000
vt 0.3033 0.0634 0.0000
vt 0.3033 0.0649 0.0000
vt 0.2923 0.0653 0.0000
# 12 texture coords

g Group_022
usemtl wire_134006006
s off
f 63/106/41 62/105/41 61/104/41 60/103/41 
f 62/108/42 65/108/42 64/107/42 61/107/42 
f 64/107/43 66/111/43 60/110/43 61/109/43 
f 65/108/44 62/114/44 63/113/44 67/112/44 
f 67/112/45 66/111/45 64/107/45 65/108/45 
f 63/112/46 60/111/46 66/111/46 67/112/46 
# 6 polygons

#
# object Group_021
#

v  189.3725 316.8894 750.6113
v  189.3725 369.8894 750.6113
v  191.7973 369.8894 615.8253
v  191.7973 316.8894 615.8253
v  320.0341 288.6891 752.9619
v  320.0341 369.8894 752.9619
v  322.4589 369.8894 618.1758
v  322.4589 288.6891 618.1758
# 8 vertices

vn -0.9998 0.0000 -0.0180
vn -0.0180 0.0000 0.9998
vn 0.0000 1.0000 -0.0000
vn 0.0180 0.0000 -0.9998
vn 0.9998 -0.0000 0.0180
# 5 vertex normals

vt 0.5322 0.3706 0.0000
vt 0.5323 0.3971 0.0000
vt 0.5545 0.3705 0.0000
vt 0.5546 0.3970 0.0000
# 4 texture coords

g Group_021
usemtl wire_134110008
s off
f 68/115/47 69/115/47 70/116/47 71/116/47 
f 68/115/48 72/117/48 73/117/48 69/115/48 
f 70/116/49 69/115/49 73/117/49 74/118/49 
f 74/118/50 75/118/50 71/116/50 70/116/50 
f 73/117/51 72/117/51 75/118/51 74/118/51 
# 5 polygons

#
# object Group_020
#

v  -247.7530 307.1827 -254.6016
v  -149.0414 328.4872 -256.3775
v  -149.6350 328.4872 -289.3721
v  -248.3465 307.1826 -287.5963
v  -150.5178 335.3297 -256.3509
v  -151.1113 335.3297 -289.3456
v  -249.2293 314.0252 -254.5751
v  -249.8228 314.0251 -287.5697
# 8 vertices

vn 0.2109 -0.9775 -0.0038
vn 0.9773 0.2109 -0.0176
vn 0.0180 0.0000 0.9998
vn -0.0180 -0.0000 -0.9998
vn -0.2109 0.9775 0.0038
vn -0.9773 -0.2109 0.0176
# 6 vertex normals

vt 0.2931 0.8833 0.0000
vt 0.2906 0.8614 0.0000
vt 0.2942 0.8597 0.0000
vt 0.2967 0.8817 0.0000
vt 0.2914 0.0564 0.0000
vt 0.2922 0.0638 0.0000
vt 0.2922 0.0549 0.0000
vt 0.3032 0.0545 0.0000
vt 0.3032 0.0560 0.0000
vt 0.3033 0.0634 0.0000
vt 0.3033 0.0649 0.0000
vt 0.2923 0.0653 0.0000
# 12 texture coords

g Group_020
usemtl wire_134110008
s off
f 79/122/52 78/121/52 77/120/52 76/119/52 
f 78/124/53 81/124/53 80/123/53 77/123/53 
f 80/123/54 82/127/54 76/126/54 77/125/54 
f 81/124/55 78/130/55 79/129/55 83/128/55 
f 83/128/56 82/127/56 80/123/56 81/124/56 
f 79/128/57 76/127/57 82/127/57 83/128/57 
# 6 polygons

#
# object Group_019
#

v  -284.5069 306.3913 1544.9167
v  -185.7953 327.6959 1543.1410
v  -186.3889 327.6958 1510.1464
v  -285.1004 306.3913 1511.9221
v  -187.2717 334.5384 1543.1675
v  -187.8652 334.5383 1510.1729
v  -285.9832 313.2338 1544.9434
v  -286.5768 313.2338 1511.9487
# 8 vertices

vn 0.2109 -0.9775 -0.0038
vn 0.9773 0.2109 -0.0176
vn 0.0180 0.0000 0.9998
vn -0.0180 -0.0000 -0.9998
vn -0.2109 0.9775 0.0038
vn -0.9773 -0.2109 0.0176
# 6 vertex normals

vt 0.2931 0.8833 0.0000
vt 0.2906 0.8614 0.0000
vt 0.2942 0.8597 0.0000
vt 0.2967 0.8817 0.0000
vt 0.2914 0.0564 0.0000
vt 0.2922 0.0638 0.0000
vt 0.2922 0.0549 0.0000
vt 0.3032 0.0545 0.0000
vt 0.3032 0.0560 0.0000
vt 0.3033 0.0634 0.0000
vt 0.3033 0.0649 0.0000
vt 0.2923 0.0653 0.0000
# 12 texture coords

g Group_019
usemtl wire_028089177
s off
f 87/134/58 86/133/58 85/132/58 84/131/58 
f 86/136/59 89/136/59 88/135/59 85/135/59 
f 88/135/60 90/139/60 84/138/60 85/137/60 
f 89/136/61 86/142/61 87/141/61 91/140/61 
f 91/140/62 90/139/62 88/135/62 89/136/62 
f 87/140/63 84/139/63 90/139/63 91/140/63 
# 6 polygons

#
# object Group_018
#

v  -247.7530 307.1827 317.3985
v  -149.0414 328.4872 315.6227
v  -149.6350 328.4872 282.6280
v  -248.3465 307.1826 284.4038
v  -150.5178 335.3297 315.6492
v  -151.1113 335.3297 282.6545
v  -249.2293 314.0252 317.4250
v  -249.8228 314.0251 284.4304
# 8 vertices

vn 0.2109 -0.9775 -0.0038
vn 0.9773 0.2109 -0.0176
vn 0.0180 0.0000 0.9998
vn -0.0180 -0.0000 -0.9998
vn -0.2109 0.9775 0.0038
vn -0.9773 -0.2109 0.0176
# 6 vertex normals

vt 0.2931 0.8833 0.0000
vt 0.2906 0.8614 0.0000
vt 0.2942 0.8597 0.0000
vt 0.2967 0.8817 0.0000
vt 0.2914 0.0564 0.0000
vt 0.2922 0.0638 0.0000
vt 0.2922 0.0549 0.0000
vt 0.3032 0.0545 0.0000
vt 0.3032 0.0560 0.0000
vt 0.3033 0.0634 0.0000
vt 0.3033 0.0649 0.0000
vt 0.2923 0.0653 0.0000
# 12 texture coords

g Group_018
usemtl wire_224198087
s off
f 95/146/64 94/145/64 93/144/64 92/143/64 
f 94/148/65 97/148/65 96/147/65 93/147/65 
f 96/147/66 98/151/66 92/150/66 93/149/66 
f 97/148/67 94/154/67 95/153/67 99/152/67 
f 99/152/68 98/151/68 96/147/68 97/148/68 
f 95/152/69 92/151/69 98/151/69 99/152/69 
# 6 polygons

#
# object Group_017
#

v  -247.7530 308.1827 -559.6016
v  -149.0414 329.4872 -561.3774
v  -149.6350 329.4872 -594.3721
v  -248.3465 308.1826 -592.5963
v  -150.5178 336.3297 -561.3509
v  -151.1113 336.3297 -594.3456
v  -249.2293 315.0252 -559.5751
v  -249.8228 315.0251 -592.5698
# 8 vertices

vn 0.2109 -0.9775 -0.0038
vn 0.9773 0.2109 -0.0176
vn 0.0180 0.0000 0.9998
vn -0.0180 -0.0000 -0.9998
vn -0.2109 0.9775 0.0038
vn -0.9773 -0.2109 0.0176
# 6 vertex normals

vt 0.2931 0.8833 0.0000
vt 0.2906 0.8614 0.0000
vt 0.2942 0.8597 0.0000
vt 0.2967 0.8817 0.0000
vt 0.2914 0.0564 0.0000
vt 0.2922 0.0638 0.0000
vt 0.2922 0.0549 0.0000
vt 0.3032 0.0545 0.0000
vt 0.3032 0.0560 0.0000
vt 0.3033 0.0634 0.0000
vt 0.3033 0.0649 0.0000
vt 0.2923 0.0653 0.0000
# 12 texture coords

g Group_017
usemtl wire_134006006
s off
f 103/158/70 102/157/70 101/156/70 100/155/70 
f 102/160/71 105/160/71 104/159/71 101/159/71 
f 104/159/72 106/163/72 100/162/72 101/161/72 
f 105/160/73 102/166/73 103/165/73 107/164/73 
f 107/164/74 106/163/74 104/159/74 105/160/74 
f 103/164/75 100/163/75 106/163/75 107/164/75 
# 6 polygons

#
# object Group_016
#

v  -284.5069 306.3913 1221.9167
v  -185.7953 327.6959 1220.1410
v  -186.3889 327.6958 1187.1464
v  -285.1004 306.3913 1188.9221
v  -187.2717 334.5384 1220.1675
v  -187.8652 334.5383 1187.1729
v  -285.9832 313.2338 1221.9434
v  -286.5768 313.2338 1188.9487
# 8 vertices

vn 0.2109 -0.9775 -0.0038
vn 0.9773 0.2109 -0.0176
vn 0.0180 0.0000 0.9998
vn -0.0180 -0.0000 -0.9998
vn -0.2109 0.9775 0.0038
vn -0.9773 -0.2109 0.0176
# 6 vertex normals

vt 0.2931 0.8833 0.0000
vt 0.2906 0.8614 0.0000
vt 0.2942 0.8597 0.0000
vt 0.2967 0.8817 0.0000
vt 0.2914 0.0564 0.0000
vt 0.2922 0.0638 0.0000
vt 0.2922 0.0549 0.0000
vt 0.3032 0.0545 0.0000
vt 0.3032 0.0560 0.0000
vt 0.3033 0.0634 0.0000
vt 0.3033 0.0649 0.0000
vt 0.2923 0.0653 0.0000
# 12 texture coords

g Group_016
usemtl wire_143224087
s off
f 111/170/76 110/169/76 109/168/76 108/167/76 
f 110/172/77 113/172/77 112/171/77 109/171/77 
f 112/171/78 114/175/78 108/174/78 109/173/78 
f 113/172/79 110/178/79 111/177/79 115/176/79 
f 115/176/80 114/175/80 112/171/80 113/172/80 
f 111/176/81 108/175/81 114/175/81 115/176/81 
# 6 polygons

#
# object Group_015
#

v  -284.5069 306.3913 932.9168
v  -185.7953 327.6959 931.1410
v  -186.3889 327.6958 898.1463
v  -285.1004 306.3913 899.9221
v  -187.2717 334.5384 931.1675
v  -187.8652 334.5383 898.1729
v  -285.9832 313.2338 932.9434
v  -286.5768 313.2338 899.9487
# 8 vertices

vn 0.2109 -0.9775 -0.0038
vn 0.9773 0.2109 -0.0176
vn 0.0180 0.0000 0.9998
vn -0.0180 -0.0000 -0.9998
vn -0.2109 0.9775 0.0038
vn -0.9773 -0.2109 0.0176
# 6 vertex normals

vt 0.2931 0.8833 0.0000
vt 0.2906 0.8614 0.0000
vt 0.2942 0.8597 0.0000
vt 0.2967 0.8817 0.0000
vt 0.2914 0.0564 0.0000
vt 0.2922 0.0638 0.0000
vt 0.2922 0.0549 0.0000
vt 0.3032 0.0545 0.0000
vt 0.3032 0.0560 0.0000
vt 0.3033 0.0634 0.0000
vt 0.3033 0.0649 0.0000
vt 0.2923 0.0653 0.0000
# 12 texture coords

g Group_015
usemtl wire_028089177
s off
f 119/182/82 118/181/82 117/180/82 116/179/82 
f 118/184/83 121/184/83 120/183/83 117/183/83 
f 120/183/84 122/187/84 116/186/84 117/185/84 
f 121/184/85 118/190/85 119/189/85 123/188/85 
f 123/188/86 122/187/86 120/183/86 121/184/86 
f 119/188/87 116/187/87 122/187/87 123/188/87 
# 6 polygons

#
# object Group_014
#

v  -284.5069 306.3913 1832.9167
v  -185.7953 327.6959 1831.1410
v  -186.3889 327.6958 1798.1464
v  -285.1004 306.3913 1799.9221
v  -187.2717 334.5384 1831.1675
v  -187.8652 334.5383 1798.1729
v  -285.9832 313.2338 1832.9434
v  -286.5768 313.2338 1799.9487
# 8 vertices

vn 0.2109 -0.9775 -0.0038
vn 0.9773 0.2109 -0.0176
vn 0.0180 0.0000 0.9998
vn -0.0180 -0.0000 -0.9998
vn -0.2109 0.9775 0.0038
vn -0.9773 -0.2109 0.0176
# 6 vertex normals

vt 0.2931 0.8833 0.0000
vt 0.2906 0.8614 0.0000
vt 0.2942 0.8597 0.0000
vt 0.2967 0.8817 0.0000
vt 0.2914 0.0564 0.0000
vt 0.2922 0.0638 0.0000
vt 0.2922 0.0549 0.0000
vt 0.3032 0.0545 0.0000
vt 0.3032 0.0560 0.0000
vt 0.3033 0.0634 0.0000
vt 0.3033 0.0649 0.0000
vt 0.2923 0.0653 0.0000
# 12 texture coords

g Group_014
usemtl wire_143224087
s off
f 127/194/88 126/193/88 125/192/88 124/191/88 
f 126/196/89 129/196/89 128/195/89 125/195/89 
f 128/195/90 130/199/90 124/198/90 125/197/90 
f 129/196/91 126/202/91 127/201/91 131/200/91 
f 131/200/92 130/199/92 128/195/92 129/196/92 
f 127/200/93 124/199/93 130/199/93 131/200/93 
# 6 polygons

#
# object Group_013
#

v  257.1353 308.3765 -1459.3043
v  158.4237 329.6810 -1461.0801
v  159.0173 329.6810 -1494.0747
v  257.7288 308.3765 -1492.2990
v  159.9001 336.5235 -1461.0535
v  160.4936 336.5235 -1494.0482
v  258.6116 315.2190 -1459.2777
v  259.2051 315.2190 -1492.2723
# 8 vertices

vn -0.2109 -0.9775 -0.0038
vn -0.9773 0.2109 -0.0176
vn -0.0180 0.0000 0.9998
vn 0.0180 0.0000 -0.9998
vn 0.2109 0.9775 0.0038
vn 0.9773 -0.2109 0.0176
# 6 vertex normals

vt 0.2931 0.8833 0.0000
vt 0.2906 0.8614 0.0000
vt 0.2942 0.8597 0.0000
vt 0.2967 0.8817 0.0000
vt 0.2914 0.0564 0.0000
vt 0.2922 0.0638 0.0000
vt 0.2922 0.0549 0.0000
vt 0.3032 0.0545 0.0000
vt 0.3032 0.0560 0.0000
vt 0.3033 0.0634 0.0000
vt 0.3033 0.0649 0.0000
vt 0.2923 0.0653 0.0000
# 12 texture coords

g Group_013
usemtl wire_134006006
s off
f 132/203/94 133/204/94 134/205/94 135/206/94 
f 133/207/95 136/207/95 137/208/95 134/208/95 
f 133/209/96 132/210/96 138/211/96 136/207/96 
f 139/212/97 135/213/97 134/214/97 137/208/97 
f 137/208/98 136/207/98 138/211/98 139/212/98 
f 139/212/99 138/211/99 132/211/99 135/212/99 
# 6 polygons

#
# object Group_012
#

v  257.1353 308.3765 -1173.3043
v  158.4237 329.6810 -1175.0801
v  159.0173 329.6810 -1208.0747
v  257.7288 308.3765 -1206.2990
v  159.9001 336.5235 -1175.0535
v  160.4936 336.5235 -1208.0482
v  258.6116 315.2190 -1173.2777
v  259.2051 315.2190 -1206.2723
# 8 vertices

vn -0.2109 -0.9775 -0.0038
vn -0.9773 0.2109 -0.0176
vn -0.0180 0.0000 0.9998
vn 0.0180 0.0000 -0.9998
vn 0.2109 0.9775 0.0038
vn 0.9773 -0.2109 0.0176
# 6 vertex normals

vt 0.2931 0.8833 0.0000
vt 0.2906 0.8614 0.0000
vt 0.2942 0.8597 0.0000
vt 0.2967 0.8817 0.0000
vt 0.2914 0.0564 0.0000
vt 0.2922 0.0638 0.0000
vt 0.2922 0.0549 0.0000
vt 0.3032 0.0545 0.0000
vt 0.3032 0.0560 0.0000
vt 0.3033 0.0634 0.0000
vt 0.3033 0.0649 0.0000
vt 0.2923 0.0653 0.0000
# 12 texture coords

g Group_012
usemtl wire_087224198
s off
f 140/215/100 141/216/100 142/217/100 143/218/100 
f 141/219/101 144/219/101 145/220/101 142/220/101 
f 141/221/102 140/222/102 146/223/102 144/219/102 
f 147/224/103 143/225/103 142/226/103 145/220/103 
f 145/220/104 144/219/104 146/223/104 147/224/104 
f 147/224/105 146/223/105 140/223/105 143/224/105 
# 6 polygons

#
# object Group_011
#

v  257.1353 309.3765 -1779.3043
v  158.4237 330.6810 -1781.0801
v  159.0173 330.6810 -1814.0747
v  257.7288 309.3765 -1812.2990
v  159.9001 337.5235 -1781.0535
v  160.4936 337.5235 -1814.0482
v  258.6116 316.2190 -1779.2777
v  259.2051 316.2190 -1812.2723
# 8 vertices

vn -0.2109 -0.9775 -0.0038
vn -0.9773 0.2109 -0.0176
vn -0.0180 0.0000 0.9998
vn 0.0180 0.0000 -0.9998
vn 0.2109 0.9775 0.0038
vn 0.9773 -0.2109 0.0176
# 6 vertex normals

vt 0.2931 0.8833 0.0000
vt 0.2906 0.8614 0.0000
vt 0.2942 0.8597 0.0000
vt 0.2967 0.8817 0.0000
vt 0.2914 0.0564 0.0000
vt 0.2922 0.0638 0.0000
vt 0.2922 0.0549 0.0000
vt 0.3032 0.0545 0.0000
vt 0.3032 0.0560 0.0000
vt 0.3033 0.0634 0.0000
vt 0.3033 0.0649 0.0000
vt 0.2923 0.0653 0.0000
# 12 texture coords

g Group_011
usemtl wire_177028149
s off
f 148/227/106 149/228/106 150/229/106 151/230/106 
f 149/231/107 152/231/107 153/232/107 150/232/107 
f 149/233/108 148/234/108 154/235/108 152/231/108 
f 155/236/109 151/237/109 150/238/109 153/232/109 
f 153/232/110 152/231/110 154/235/110 155/236/110 
f 155/236/111 154/235/111 148/235/111 151/236/111 
# 6 polygons

#
# object Group_010
#

v  253.6603 304.4297 610.6844
v  154.9488 325.7343 608.9086
v  155.5424 325.7343 575.9139
v  254.2539 304.4297 577.6897
v  156.4251 332.5768 608.9351
v  157.0187 332.5768 575.9404
v  255.1366 311.2722 610.7109
v  255.7302 311.2722 577.7163
# 8 vertices

vn -0.2109 -0.9775 -0.0038
vn -0.9773 0.2109 -0.0176
vn -0.0180 0.0000 0.9998
vn 0.0180 0.0000 -0.9998
vn 0.2109 0.9775 0.0038
vn 0.9773 -0.2109 0.0176
# 6 vertex normals

vt 0.2931 0.8833 0.0000
vt 0.2906 0.8614 0.0000
vt 0.2942 0.8597 0.0000
vt 0.2967 0.8817 0.0000
vt 0.2914 0.0564 0.0000
vt 0.2922 0.0638 0.0000
vt 0.2922 0.0549 0.0000
vt 0.3032 0.0545 0.0000
vt 0.3032 0.0560 0.0000
vt 0.3033 0.0634 0.0000
vt 0.3033 0.0649 0.0000
vt 0.2923 0.0653 0.0000
# 12 texture coords

g Group_010
usemtl wire_028089177
s off
f 156/239/112 157/240/112 158/241/112 159/242/112 
f 157/243/113 160/243/113 161/244/113 158/244/113 
f 157/245/114 156/246/114 162/247/114 160/243/114 
f 163/248/115 159/249/115 158/250/115 161/244/115 
f 161/244/116 160/243/116 162/247/116 163/248/116 
f 163/248/117 162/247/117 156/247/117 159/248/117 
# 6 polygons

#
# object Group_009
#

v  257.1353 308.3765 -887.3044
v  158.4237 329.6810 -889.0802
v  159.0173 329.6810 -922.0749
v  257.7288 308.3765 -920.2991
v  159.9001 336.5235 -889.0536
v  160.4936 336.5235 -922.0483
v  258.6116 315.2190 -887.2778
v  259.2051 315.2190 -920.2725
# 8 vertices

vn -0.2109 -0.9775 -0.0038
vn -0.9773 0.2109 -0.0176
vn -0.0180 0.0000 0.9998
vn 0.0180 0.0000 -0.9998
vn 0.2109 0.9775 0.0038
vn 0.9773 -0.2109 0.0176
# 6 vertex normals

vt 0.2931 0.8833 0.0000
vt 0.2906 0.8614 0.0000
vt 0.2942 0.8597 0.0000
vt 0.2967 0.8817 0.0000
vt 0.2914 0.0564 0.0000
vt 0.2922 0.0638 0.0000
vt 0.2922 0.0549 0.0000
vt 0.3032 0.0545 0.0000
vt 0.3032 0.0560 0.0000
vt 0.3033 0.0634 0.0000
vt 0.3033 0.0649 0.0000
vt 0.2923 0.0653 0.0000
# 12 texture coords

g Group_009
usemtl wire_224086086
s off
f 164/251/118 165/252/118 166/253/118 167/254/118 
f 165/255/119 168/255/119 169/256/119 166/256/119 
f 165/257/120 164/258/120 170/259/120 168/255/120 
f 171/260/121 167/261/121 166/262/121 169/256/121 
f 169/256/122 168/255/122 170/259/122 171/260/122 
f 171/260/123 170/259/123 164/259/123 167/260/123 
# 6 polygons

#
# object Group_008
#

v  253.6603 304.4297 36.6844
v  154.9488 325.7343 34.9086
v  155.5424 325.7343 1.9139
v  254.2539 304.4297 3.6897
v  156.4251 332.5768 34.9351
v  157.0187 332.5768 1.9405
v  255.1366 311.2722 36.7109
v  255.7302 311.2722 3.7163
# 8 vertices

vn -0.2109 -0.9775 -0.0038
vn -0.9773 0.2109 -0.0176
vn -0.0180 0.0000 0.9998
vn 0.0180 0.0000 -0.9998
vn 0.2109 0.9775 0.0038
vn 0.9773 -0.2109 0.0176
# 6 vertex normals

vt 0.2931 0.8833 0.0000
vt 0.2906 0.8614 0.0000
vt 0.2942 0.8597 0.0000
vt 0.2967 0.8817 0.0000
vt 0.2914 0.0564 0.0000
vt 0.2922 0.0638 0.0000
vt 0.2922 0.0549 0.0000
vt 0.3032 0.0545 0.0000
vt 0.3032 0.0560 0.0000
vt 0.3033 0.0634 0.0000
vt 0.3033 0.0649 0.0000
vt 0.2923 0.0653 0.0000
# 12 texture coords

g Group_008
usemtl wire_224198087
s off
f 172/263/124 173/264/124 174/265/124 175/266/124 
f 173/267/125 176/267/125 177/268/125 174/268/125 
f 173/269/126 172/270/126 178/271/126 176/267/126 
f 179/272/127 175/273/127 174/274/127 177/268/127 
f 177/268/128 176/267/128 178/271/128 179/272/128 
f 179/272/129 178/271/129 172/271/129 175/272/129 
# 6 polygons

#
# object Group_007
#

v  253.6603 304.4297 -249.3156
v  154.9488 325.7343 -251.0914
v  155.5424 325.7343 -284.0861
v  254.2539 304.4297 -282.3103
v  156.4251 332.5768 -251.0649
v  157.0187 332.5768 -284.0595
v  255.1366 311.2722 -249.2891
v  255.7302 311.2722 -282.2837
# 8 vertices

vn -0.2109 -0.9775 -0.0038
vn -0.9773 0.2109 -0.0176
vn -0.0180 0.0000 0.9998
vn 0.0180 0.0000 -0.9998
vn 0.2109 0.9775 0.0038
vn 0.9773 -0.2109 0.0176
# 6 vertex normals

vt 0.2931 0.8833 0.0000
vt 0.2906 0.8614 0.0000
vt 0.2942 0.8597 0.0000
vt 0.2967 0.8817 0.0000
vt 0.2914 0.0564 0.0000
vt 0.2922 0.0638 0.0000
vt 0.2922 0.0549 0.0000
vt 0.3032 0.0545 0.0000
vt 0.3032 0.0560 0.0000
vt 0.3033 0.0634 0.0000
vt 0.3033 0.0649 0.0000
vt 0.2923 0.0653 0.0000
# 12 texture coords

g Group_007
usemtl wire_229166215
s off
f 180/275/130 181/276/130 182/277/130 183/278/130 
f 181/279/131 184/279/131 185/280/131 182/280/131 
f 181/281/132 180/282/132 186/283/132 184/279/132 
f 187/284/133 183/285/133 182/286/133 185/280/133 
f 185/280/134 184/279/134 186/283/134 187/284/134 
f 187/284/135 186/283/135 180/283/135 183/284/135 
# 6 polygons

#
# object Group_006
#

v  253.6603 305.4297 -535.3156
v  154.9488 326.7343 -537.0914
v  155.5424 326.7343 -570.0861
v  254.2539 305.4297 -568.3103
v  156.4251 333.5768 -537.0649
v  157.0187 333.5768 -570.0596
v  255.1366 312.2722 -535.2891
v  255.7302 312.2722 -568.2837
# 8 vertices

vn -0.2109 -0.9775 -0.0038
vn -0.9773 0.2109 -0.0176
vn -0.0180 0.0000 0.9998
vn 0.0180 0.0000 -0.9998
vn 0.2109 0.9775 0.0038
vn 0.9773 -0.2109 0.0176
# 6 vertex normals

vt 0.2931 0.8833 0.0000
vt 0.2906 0.8614 0.0000
vt 0.2942 0.8597 0.0000
vt 0.2967 0.8817 0.0000
vt 0.2914 0.0564 0.0000
vt 0.2922 0.0638 0.0000
vt 0.2922 0.0549 0.0000
vt 0.3032 0.0545 0.0000
vt 0.3032 0.0560 0.0000
vt 0.3033 0.0634 0.0000
vt 0.3033 0.0649 0.0000
vt 0.2923 0.0653 0.0000
# 12 texture coords

g Group_006
usemtl wire_229166215
s off
f 188/287/136 189/288/136 190/289/136 191/290/136 
f 189/291/137 192/291/137 193/292/137 190/292/137 
f 189/293/138 188/294/138 194/295/138 192/291/138 
f 195/296/139 191/297/139 190/298/139 193/292/139 
f 193/292/140 192/291/140 194/295/140 195/296/140 
f 195/296/141 194/295/141 188/295/141 191/296/141 
# 6 polygons

#
# object Group_005
#

v  218.5588 306.3913 1221.9167
v  119.8473 327.6959 1220.1410
v  120.4408 327.6959 1187.1464
v  219.1523 306.3913 1188.9221
v  121.3236 334.5384 1220.1676
v  121.9172 334.5384 1187.1729
v  220.0351 313.2338 1221.9434
v  220.6287 313.2338 1188.9487
# 8 vertices

vn -0.2109 -0.9775 -0.0038
vn -0.9773 0.2109 -0.0176
vn -0.0180 0.0000 0.9998
vn 0.0180 0.0000 -0.9998
vn 0.2109 0.9775 0.0038
vn 0.9773 -0.2109 0.0176
# 6 vertex normals

vt 0.2931 0.8833 0.0000
vt 0.2906 0.8614 0.0000
vt 0.2942 0.8597 0.0000
vt 0.2967 0.8817 0.0000
vt 0.2914 0.0564 0.0000
vt 0.2922 0.0638 0.0000
vt 0.2922 0.0549 0.0000
vt 0.3032 0.0545 0.0000
vt 0.3032 0.0560 0.0000
vt 0.3033 0.0634 0.0000
vt 0.3033 0.0649 0.0000
vt 0.2923 0.0653 0.0000
# 12 texture coords

g Group_005
usemtl wire_006134006
s off
f 196/299/142 197/300/142 198/301/142 199/302/142 
f 197/303/143 200/303/143 201/304/143 198/304/143 
f 197/305/144 196/306/144 202/307/144 200/303/144 
f 203/308/145 199/309/145 198/310/145 201/304/145 
f 201/304/146 200/303/146 202/307/146 203/308/146 
f 203/308/147 202/307/147 196/307/147 199/308/147 
# 6 polygons

#
# object Group_004
#

v  218.5588 306.3913 932.9168
v  119.8473 327.6959 931.1410
v  120.4408 327.6959 898.1463
v  219.1523 306.3913 899.9221
v  121.3236 334.5384 931.1675
v  121.9172 334.5384 898.1729
v  220.0351 313.2338 932.9434
v  220.6287 313.2338 899.9487
# 8 vertices

vn -0.2109 -0.9775 -0.0038
vn -0.9773 0.2109 -0.0176
vn -0.0180 0.0000 0.9998
vn 0.0180 0.0000 -0.9998
vn 0.2109 0.9775 0.0038
vn 0.9773 -0.2109 0.0176
# 6 vertex normals

vt 0.2931 0.8833 0.0000
vt 0.2906 0.8614 0.0000
vt 0.2942 0.8597 0.0000
vt 0.2967 0.8817 0.0000
vt 0.2914 0.0564 0.0000
vt 0.2922 0.0638 0.0000
vt 0.2922 0.0549 0.0000
vt 0.3032 0.0545 0.0000
vt 0.3032 0.0560 0.0000
vt 0.3033 0.0634 0.0000
vt 0.3033 0.0649 0.0000
vt 0.2923 0.0653 0.0000
# 12 texture coords

g Group_004
usemtl wire_143224087
s off
f 204/311/148 205/312/148 206/313/148 207/314/148 
f 205/315/149 208/315/149 209/316/149 206/316/149 
f 205/317/150 204/318/150 210/319/150 208/315/150 
f 211/320/151 207/321/151 206/322/151 209/316/151 
f 209/316/152 208/315/152 210/319/152 211/320/152 
f 211/320/153 210/319/153 204/319/153 207/320/153 
# 6 polygons

#
# object Group_003
#

v  218.5588 306.3913 1544.9167
v  119.8473 327.6959 1543.1410
v  120.4408 327.6959 1510.1464
v  219.1523 306.3913 1511.9221
v  121.3236 334.5384 1543.1676
v  121.9172 334.5384 1510.1729
v  220.0351 313.2338 1544.9434
v  220.6287 313.2338 1511.9487
# 8 vertices

vn -0.2109 -0.9775 -0.0038
vn -0.9773 0.2109 -0.0176
vn -0.0180 0.0000 0.9998
vn 0.0180 0.0000 -0.9998
vn 0.2109 0.9775 0.0038
vn 0.9773 -0.2109 0.0176
# 6 vertex normals

vt 0.2931 0.8833 0.0000
vt 0.2906 0.8614 0.0000
vt 0.2942 0.8597 0.0000
vt 0.2967 0.8817 0.0000
vt 0.2914 0.0564 0.0000
vt 0.2922 0.0638 0.0000
vt 0.2922 0.0549 0.0000
vt 0.3032 0.0545 0.0000
vt 0.3032 0.0560 0.0000
vt 0.3033 0.0634 0.0000
vt 0.3033 0.0649 0.0000
vt 0.2923 0.0653 0.0000
# 12 texture coords

g Group_003
usemtl wire_087224198
s off
f 212/323/154 213/324/154 214/325/154 215/326/154 
f 213/327/155 216/327/155 217/328/155 214/328/155 
f 213/329/156 212/330/156 218/331/156 216/327/156 
f 219/332/157 215/333/157 214/334/157 217/328/157 
f 217/328/158 216/327/158 218/331/158 219/332/158 
f 219/332/159 218/331/159 212/331/159 215/332/159 
# 6 polygons

#
# object Group_002
#

v  253.6603 304.4297 322.6844
v  154.9488 325.7343 320.9086
v  155.5424 325.7343 287.9139
v  254.2539 304.4297 289.6897
v  156.4251 332.5768 320.9351
v  157.0187 332.5768 287.9405
v  255.1366 311.2722 322.7109
v  255.7302 311.2722 289.7163
# 8 vertices

vn -0.2109 -0.9775 -0.0038
vn -0.9773 0.2109 -0.0176
vn -0.0180 0.0000 0.9998
vn 0.0180 0.0000 -0.9998
vn 0.2109 0.9775 0.0038
vn 0.9773 -0.2109 0.0176
# 6 vertex normals

vt 0.2931 0.8833 0.0000
vt 0.2906 0.8614 0.0000
vt 0.2942 0.8597 0.0000
vt 0.2967 0.8817 0.0000
vt 0.2914 0.0564 0.0000
vt 0.2922 0.0638 0.0000
vt 0.2922 0.0549 0.0000
vt 0.3032 0.0545 0.0000
vt 0.3032 0.0560 0.0000
vt 0.3033 0.0634 0.0000
vt 0.3033 0.0649 0.0000
vt 0.2923 0.0653 0.0000
# 12 texture coords

g Group_002
usemtl wire_224198087
s off
f 220/335/160 221/336/160 222/337/160 223/338/160 
f 221/339/161 224/339/161 225/340/161 222/340/161 
f 221/341/162 220/342/162 226/343/162 224/339/162 
f 227/344/163 223/345/163 222/346/163 225/340/163 
f 225/340/164 224/339/164 226/343/164 227/344/164 
f 227/344/165 226/343/165 220/343/165 223/344/165 
# 6 polygons

#
# object Group_001
#

v  218.5588 306.3913 1832.9167
v  119.8473 327.6959 1831.1410
v  120.4408 327.6959 1798.1464
v  219.1523 306.3913 1799.9221
v  121.3236 334.5384 1831.1676
v  121.9172 334.5384 1798.1729
v  220.0351 313.2338 1832.9434
v  220.6287 313.2338 1799.9487
# 8 vertices

vn -0.2109 -0.9775 -0.0038
vn -0.9773 0.2109 -0.0176
vn -0.0180 0.0000 0.9998
vn 0.0180 0.0000 -0.9998
vn 0.2109 0.9775 0.0038
vn 0.9773 -0.2109 0.0176
# 6 vertex normals

vt 0.2931 0.8833 0.0000
vt 0.2906 0.8614 0.0000
vt 0.2942 0.8597 0.0000
vt 0.2967 0.8817 0.0000
vt 0.2914 0.0564 0.0000
vt 0.2922 0.0638 0.0000
vt 0.2922 0.0549 0.0000
vt 0.3032 0.0545 0.0000
vt 0.3032 0.0560 0.0000
vt 0.3033 0.0634 0.0000
vt 0.3033 0.0649 0.0000
vt 0.2923 0.0653 0.0000
# 12 texture coords

g Group_001
usemtl wire_229166215
s off
f 228/347/166 229/348/166 230/349/166 231/350/166 
f 229/351/167 232/351/167 233/352/167 230/352/167 
f 229/353/168 228/354/168 234/355/168 232/351/168 
f 235/356/169 231/357/169 230/358/169 233/352/169 
f 233/352/170 232/351/170 234/355/170 235/356/170 
f 235/356/171 234/355/171 228/355/171 231/356/171 
# 6 polygons

